1683864360224 0.4046364724636078 0
1683864366852 0.4404636323451996 0
1683864373497 0.48472076654434204 0
1683864380141 0.5669125318527222 0
1683864386719 0.6301369667053223 0
1683864393295 0.6775553226470947 0
1683864399873 0.7270811200141907 0
1683864406431 0.7407797574996948 0
1683864413041 0.7597470879554749 0
1683864419581 0.7386723160743713 0
1683864426239 0.7913593053817749 0
1683864432810 0.8103266358375549 0
1683864439401 0.8440463542938232 0
1683864445988 0.8408851623535156 0
1683864452578 0.8524762988090515 0
1683864459176 0.8472076058387756 0
1683864465764 0.8746048212051392 0
1683864472388 0.8703898787498474 0
1683864478978 0.8756585717201233 0
1683864485600 0.8988409042358398 0
1683864492384 0.8830347657203674 0
1683864499195 0.8956796526908875 0
1683864506073 0.8851422667503357 0
1683864512864 0.9220231771469116 0
1683864519643 0.9072707891464233 0
1683864526439 0.9230769276618958 0
1683864533194 0.9199156761169434 0
1683864539807 0.9178082346916199 0
1683864546610 0.9230769276618958 0
1683864553382 0.9409905076026917 0
1683864559982 0.9452054500579834 0
1683864566632 0.937829315662384 0
1683864573250 0.9610115885734558 0
1683864579856 0.9578503966331482 0
1683864586450 0.9589040875434875 0
1683864593045 0.9399367570877075 0
1683864599691 0.9578503966331482 0
1683864606305 0.9578503966331482 0
