1683864360224 0.0019400103483349085 0
1683864366852 0.0018890374340116978 0
1683864373497 0.001803511637263 0
1683864380141 0.0016422305488958955 0
1683864386719 0.0014134424272924662 0
1683864393295 0.0012651331489905715 0
1683864399873 0.001119979890063405 0
1683864406431 0.0010476441821083426 0
1683864413041 0.0009805680019780993 0
1683864419581 0.0009807366877794266 0
1683864426239 0.0008553415536880493 0
1683864432810 0.0007954409811645746 0
1683864439401 0.0006662028026767075 0
1683864445988 0.0006533618434332311 0
1683864452578 0.0006513552507385612 0
1683864459176 0.0006107894005253911 0
1683864465764 0.0005620585288852453 0
1683864472388 0.0005438900552690029 0
1683864478978 0.0005444222479127347 0
1683864485600 0.0004728754283860326 0
1683864492384 0.00048391366726718843 0
1683864499195 0.0004643712018150836 0
1683864506073 0.0004720230645034462 0
1683864512864 0.00036618983722291887 0
1683864519643 0.0004103710816707462 0
1683864526439 0.0003883488243445754 0
1683864533194 0.0003674315521493554 0
1683864539807 0.0003645903489086777 0
1683864546610 0.00033497827826067805 0
1683864553382 0.0002905875735450536 0
1683864559982 0.00027421387494541705 0
1683864566632 0.00027029498596675694 0
1683864573250 0.00020076468354091048 0
1683864579856 0.00023623181914445013 0
1683864586450 0.00021996122086420655 0
1683864593045 0.00023680970480199903 0
1683864599691 0.00021770826424472034 0
1683864606305 0.0002260149922221899 0
