1683854843722 0.3624868392944336 0
1683854850308 0.3951528072357178 0
1683854856891 0.4773445725440979 0
1683854863466 0.4952581524848938 0
1683854870041 0.5131717324256897 0
1683854876626 0.5363540649414062 0
1683854883197 0.559536337852478 0
1683854889788 0.5869336128234863 0
1683854896496 0.6143308877944946 0
1683854903066 0.6101158857345581 0
1683854909670 0.6343519687652588 0
1683854916281 0.6617491841316223 0
1683854922859 0.679662823677063 0
1683854929443 0.6944151520729065 0
1683854936040 0.6954689025878906 0
1683854942642 0.7038988471031189 0
1683854949285 0.7060063481330872 0
1683854955939 0.7228661775588989 0
1683854962488 0.7207586765289307 0
1683854969075 0.7376185655593872 0
1683854975968 0.7407797574996948 0
1683854982701 0.7513172030448914 0
1683854989419 0.741833508014679 0
1683854996228 0.7513172030448914 0
1683855002956 0.7618545889854431 0
1683855009706 0.7787144184112549 0
1683855016444 0.773445725440979 0
1683855023216 0.7681770324707031 0
1683855029989 0.7850368618965149 0
1683855036723 0.7881981134414673 0
1683855043294 0.7945205569267273 0
1683855049874 0.7955743074417114 0
1683855056459 0.798735499382019 0
1683855063072 0.8166490793228149 0
1683855069850 0.8008430004119873 0
1683855076451 0.8198103308677673 0
1683855083034 0.8187565803527832 0
1683855089630 0.8092729449272156 0
1683855096413 0.8240252733230591 0
1683855102957 0.8113803863525391 0
1683855109551 0.8524762988090515 0
1683855116143 0.8429926037788391 0
1683855123067 0.8177028298377991 0
1683855129670 0.8377239108085632 0
1683855136254 0.8040041923522949 0
1683855142856 0.8387776613235474 0
1683855149457 0.8503687977790833 0
1683855156079 0.8271865248680115 0
1683855162831 0.8535300493240356 0
1683855169426 0.8672286868095398 0
1683855176201 0.8556374907493591 0
1683855182984 0.8556374907493591 0
1683855189572 0.8640674352645874 0
1683855196123 0.8724973797798157 0
1683855202846 0.8703898787498474 0
1683855209434 0.8461538553237915 0
1683855216289 0.8672286868095398 0
1683855222885 0.8756585717201233 0
1683855229484 0.8746048212051392 0
1683855236078 0.8714436292648315 0
1683855242679 0.8798735737800598 0
1683855249441 0.8672286868095398 0
1683855256035 0.8904109597206116 0
1683855262825 0.8809272646903992 0
1683855269457 0.8714436292648315 0
1683855276050 0.8935721516609192 0
1683855282797 0.8904109597206116 0
1683855289409 0.8661749362945557 0
1683855296002 0.9072707891464233 0
1683855302581 0.8883034586906433 0
1683855309220 0.9030558466911316 0
1683855315819 0.9041095972061157 0
1683855322598 0.8935721516609192 0
1683855329174 0.9093782901763916 0
1683855335780 0.912539541721344 0
1683855342385 0.8946259021759033 0
1683855348958 0.9114857912063599 0
