1683854843722 0.001963929273188114 0
1683854850308 0.0019489651313051581 0
1683854856891 0.001934225670993328 0
1683854863466 0.0019180598901584744 0
1683854870041 0.0018972079269587994 0
1683854876626 0.0018620447954162955 0
1683854883197 0.001808284199796617 0
1683854889788 0.0017389478161931038 0
1683854896496 0.0016573905013501644 0
1683854903066 0.0016043985961005092 0
1683854909670 0.001535398536361754 0
1683854916281 0.001479674014262855 0
1683854922859 0.0014118748949840665 0
1683854929443 0.001380634494125843 0
1683854936040 0.0013688771286979318 0
1683854942642 0.0013494478771463037 0
1683854949285 0.0013228157768025994 0
1683854955939 0.0013010507682338357 0
1683854962488 0.0012954683043062687 0
1683854969075 0.0012617824831977487 0
1683854975968 0.0012442467268556356 0
1683854982701 0.0012306434800848365 0
1683854989419 0.0012244622921571136 0
1683854996228 0.0011749479454010725 0
1683855002956 0.0011981370626017451 0
1683855009706 0.0011672977125272155 0
1683855016444 0.0011604055762290955 0
1683855023216 0.0011585422325879335 0
1683855029989 0.00114438368473202 0
1683855036723 0.0011372059816494584 0
1683855043294 0.0011153914965689182 0
1683855049874 0.0010873430874198675 0
1683855056459 0.0010883822105824947 0
1683855063072 0.0010879184119403362 0
1683855069850 0.0010934242745861411 0
1683855076451 0.001075353124178946 0
1683855083034 0.0010351781966164708 0
1683855089630 0.0010802468750625849 0
1683855096413 0.001040471950545907 0
1683855102957 0.0010774872498586774 0
1683855109551 0.0010067287366837263 0
1683855116143 0.001000048010610044 0
1683855123067 0.0010574707994237542 0
1683855129670 0.0010180991375818849 0
1683855136254 0.0010688089532777667 0
1683855142856 0.0009954632259905338 0
1683855149457 0.0009614051086828113 0
1683855156079 0.001013518893159926 0
1683855162831 0.0009678468923084438 0
1683855169426 0.0009355595684610307 0
1683855176201 0.0009570831316523254 0
1683855182984 0.0009626215905882418 0
1683855189572 0.0009415238746441901 0
1683855196123 0.0009375690715387464 0
1683855202846 0.0009260008810088038 0
1683855209434 0.000961700570769608 0
1683855216289 0.000928866327740252 0
1683855222885 0.0009040022268891335 0
1683855229484 0.000926018285099417 0
1683855236078 0.0009453454404138029 0
1683855242679 0.0009011648362502456 0
1683855249441 0.0009037813288159668 0
1683855256035 0.0008668897207826376 0
1683855262825 0.0008822067175060511 0
1683855269457 0.0008928283932618797 0
1683855276050 0.0008464178536087275 0
1683855282797 0.000868006725795567 0
1683855289409 0.0009053062531165779 0
1683855296002 0.0008396747871302068 0
1683855302581 0.0008545854943804443 0
1683855309220 0.0008302574860863388 0
1683855315819 0.0008102740976028144 0
1683855322598 0.0008393940515816212 0
1683855329174 0.0008185757324099541 0
1683855335780 0.0008148238994181156 0
1683855342385 0.0008188848732970655 0
1683855348958 0.0008291123085655272 0
