1683861641059 0.33403581380844116 0
1683861647809 0.3782929480075836 0
1683861654322 0.42781874537467957 0
1683861660846 0.47629082202911377 0
1683861667451 0.4931506812572479 0
1683861674029 0.49631190299987793 0
1683861680619 0.5173867344856262 0
1683861687196 0.515279233455658 0
1683861693767 0.527924120426178 0
1683861700365 0.5542676448822021 0
1683861707019 0.5626975893974304 0
1683861713591 0.5869336128234863 0
1683861720195 0.5900948643684387 0
1683861726753 0.6037934422492981 0
1683861733297 0.6206533312797546 0
1683861739883 0.6248682737350464 0
1683861746475 0.6417281627655029 0
1683861753057 0.6427818536758423 0
1683861759795 0.6396206617355347 0
1683861766691 0.6469968557357788 0
1683861773403 0.6596417427062988 0
1683861780132 0.6585879921913147 0
1683861786952 0.6743940711021423 0
1683861793716 0.6849315166473389 0
1683861800454 0.6870390176773071 0
1683861807235 0.6817702651023865 0
1683861813987 0.6870390176773071 0
1683861820772 0.6996839046478271 0
1683861827336 0.7197049260139465 0
1683861834086 0.7239199280738831 0
1683861840588 0.7260273694992065 0
1683861847228 0.7081137895584106 0
1683861853769 0.7228661775588989 0
1683861860380 0.7449947595596313 0
1683861866973 0.7281348705291748 0
1683861873747 0.717597484588623 0
1683861880373 0.7312961220741272 0
1683861887149 0.7291886210441589 0
1683861893743 0.741833508014679 0
1683861900370 0.7344573140144348 0
1683861907270 0.7523708939552307 0
1683861913832 0.7576396465301514 0
1683861920428 0.7302423715591431 0
1683861927194 0.7397260069847107 0
1683861933754 0.735511064529419 0
1683861940305 0.7439410090446472 0
1683861946874 0.7576396465301514 0
1683861953449 0.748155951499939 0
1683861960063 0.7650157809257507 0
1683861966676 0.779768168926239 0
1683861973418 0.7639620900154114 0
1683861980177 0.7713382244110107 0
1683861986827 0.786090612411499 0
1683861993427 0.7681770324707031 0
1683861999970 0.7766069769859314 0
1683862006546 0.7586933374404907 0
1683862013125 0.7702845335006714 0
1683862019728 0.7723919749259949 0
