1683861641059 0.0019916093442589045 0
1683861647809 0.001968246651813388 0
1683861654322 0.0019443390192463994 0
1683861660846 0.0019110195571556687 0
1683861667451 0.0018764339620247483 0
1683861674029 0.0018242839723825455 0
1683861680619 0.0017748877871781588 0
1683861687196 0.001741468207910657 0
1683861693767 0.0016882687341421843 0
1683861700365 0.0016949241980910301 0
1683861707019 0.001627364195883274 0
1683861713591 0.0015939208678901196 0
1683861720195 0.0015399390831589699 0
1683861726753 0.0014865284319967031 0
1683861733297 0.0014543490251526237 0
1683861739883 0.001403428497724235 0
1683861746475 0.001383716706186533 0
1683861753057 0.0013426293153315783 0
1683861759795 0.0013457505265250802 0
1683861766691 0.0012880805879831314 0
1683861773403 0.0012777046067640185 0
1683861780132 0.0012298388173803687 0
1683861786952 0.0012406164314597845 0
1683861793716 0.0011919753160327673 0
1683861800454 0.0011926651932299137 0
1683861807235 0.001187635469250381 0
1683861813987 0.0011706354562193155 0
1683861820772 0.0011596007971093059 0
1683861827336 0.0011005338747054338 0
1683861834086 0.0011272511910647154 0
1683861840588 0.00110078405123204 0
1683861847228 0.0010932106524705887 0
1683861853769 0.0010513000888749957 0
1683861860380 0.0010421347105875611 0
1683861866973 0.0010715723037719727 0
1683861873747 0.0010653818026185036 0
1683861880373 0.0010227278107777238 0
1683861887149 0.001045401208102703 0
1683861893743 0.0009793175850063562 0
1683861900370 0.0010148765286430717 0
1683861907270 0.0009669610881246626 0
1683861913832 0.0009756174986250699 0
1683861920428 0.0009950115345418453 0
1683861927194 0.0010145300766453147 0
1683861933754 0.000993745168671012 0
1683861940305 0.0009392463834956288 0
1683861946874 0.000917641562409699 0
1683861953449 0.0009560121106915176 0
1683861960063 0.0009122557239606977 0
1683861966676 0.000881062587723136 0
1683861973418 0.0008971984498202801 0
1683861980177 0.0009062574827112257 0
1683861986827 0.0008409965666942298 0
1683861993427 0.0008917753002606332 0
1683861999970 0.0008631359087303281 0
1683862006546 0.0008794007007963955 0
1683862013125 0.0008746290695853531 0
1683862019728 0.0008701509796082973 0
