1683860699354 0.31190726161003113 0
1683860705978 0.3951528072357178 0
1683860712574 0.4236038029193878 0
1683860719171 0.4446786046028137 0
1683860725726 0.44573235511779785 0
1683860732300 0.4615384638309479 0
1683860738885 0.47629082202911377 0
1683860745786 0.4899894595146179 0
1683860752394 0.508956789970398 0
1683860758963 0.5205479264259338 0
1683860765555 0.534246563911438 0
1683860772140 0.5648050308227539 0
1683860778757 0.5869336128234863 0
1683860785335 0.6037934422492981 0
1683860791908 0.6080084443092346 0
1683860798564 0.6438356041908264 0
1683860805171 0.667017936706543 0
1683860811983 0.679662823677063 0
1683860818895 0.6817702651023865 0
1683860825669 0.7007375955581665 0
1683860832407 0.704952597618103 0
1683860839153 0.7070600390434265 0
1683860845946 0.6996839046478271 0
1683860852685 0.7249736785888672 0
1683860859443 0.7038988471031189 0
1683860866033 0.7281348705291748 0
1683860872608 0.717597484588623 0
1683860879431 0.7386723160743713 0
1683860885999 0.7386723160743713 0
1683860892519 0.7386723160743713 0
1683860899300 0.7397260069847107 0
1683860906055 0.7502634525299072 0
1683860912618 0.7534246444702148 0
1683860919238 0.7618545889854431 0
1683860926058 0.7692307829856873 0
1683860932634 0.7650157809257507 0
1683860939245 0.7713382244110107 0
1683860945830 0.7597470879554749 0
1683860952431 0.7766069769859314 0
1683860959218 0.7744994759559631 0
1683860965833 0.7650157809257507 0
1683860972379 0.798735499382019 0
1683860978991 0.7808219194412231 0
1683860985611 0.7723919749259949 0
1683860992229 0.7681770324707031 0
1683860998826 0.7934668064117432 0
1683861005711 0.7892518639564514 0
1683861012345 0.7903056144714355 0
1683861018915 0.8061116933822632 0
1683861025516 0.8271865248680115 0
1683861032266 0.8198103308677673 0
1683861038842 0.8092729449272156 0
1683861045670 0.8061116933822632 0
1683861052428 0.829293966293335 0
1683861059205 0.8261327743530273 0
1683861066018 0.8366701602935791 0
1683861072630 0.8198103308677673 0
1683861079209 0.8398314118385315 0
1683861085836 0.829293966293335 0
1683861092440 0.8261327743530273 0
1683861099280 0.8472076058387756 0
1683861105885 0.8493150472640991 0
1683861112628 0.8461538553237915 0
1683861119205 0.8524762988090515 0
1683861125800 0.8535300493240356 0
1683861132577 0.8640674352645874 0
1683861139419 0.8693361282348633 0
1683861145992 0.8556374907493591 0
1683861152566 0.8819810152053833 0
1683861159412 0.8756585717201233 0
1683861166025 0.8798735737800598 0
1683861172610 0.8925184607505798 0
1683861179208 0.8777660727500916 0
1683861185818 0.8914647102355957 0
1683861192467 0.8703898787498474 0
1683861199119 0.8893572092056274 0
1683861205870 0.899894654750824 0
1683861212462 0.8830347657203674 0
1683861219109 0.8925184607505798 0
1683861225728 0.8988409042358398 0
1683861232292 0.8925184607505798 0
1683861239154 0.8925184607505798 0
