1683860699354 0.001971590332686901 0
1683860705978 0.001950873644091189 0
1683860712574 0.0019319902639836073 0
1683860719171 0.0019143717363476753 0
1683860725726 0.0018917805282399058 0
1683860732300 0.0018657338805496693 0
1683860738885 0.001831228961236775 0
1683860745786 0.0017998360563069582 0
1683860752394 0.0017641093581914902 0
1683860758963 0.0017554592341184616 0
1683860765555 0.0017169032944366336 0
1683860772140 0.0016769953072071075 0
1683860778757 0.001631655148230493 0
1683860785335 0.001598875387571752 0
1683860791908 0.001566101098433137 0
1683860798564 0.0015109459636732936 0
1683860805171 0.0014694278361275792 0
1683860811983 0.0014332138234749436 0
1683860818895 0.0014002679381519556 0
1683860825669 0.0013730275677517056 0
1683860832407 0.001344352145679295 0
1683860839153 0.0013257140526548028 0
1683860845946 0.0013248922768980265 0
1683860852685 0.0012649247655645013 0
1683860859443 0.0012940220767632127 0
1683860866033 0.001256810501217842 0
1683860872608 0.0012503741309046745 0
1683860879431 0.0012530444655567408 0
1683860885999 0.0012127314694225788 0
1683860892519 0.0012320424430072308 0
1683860899300 0.0011967839673161507 0
1683860906055 0.0011943610152229667 0
1683860912618 0.0011912195477634668 0
1683860919238 0.001186170382425189 0
1683860926058 0.0011684619821608067 0
1683860932634 0.0011720511829480529 0
1683860939245 0.0011569710914045572 0
1683860945830 0.0011719452450051904 0
1683860952431 0.0011293627321720123 0
1683860959218 0.001163622597232461 0
1683860965833 0.00113430165220052 0
1683860972379 0.0011279442114755511 0
1683860978991 0.0011448011500760913 0
1683860985611 0.0011387320701032877 0
1683860992229 0.0011498549720272422 0
1683860998826 0.0010914966696873307 0
1683861005711 0.0010710415663197637 0
1683861012345 0.0011115899542346597 0
1683861018915 0.001066051423549652 0
1683861025516 0.0010380600579082966 0
1683861032266 0.0010508800623938441 0
1683861038842 0.0010597921209409833 0
1683861045670 0.0010472583817318082 0
1683861052428 0.0010276129469275475 0
1683861059205 0.0010346983326599002 0
1683861066018 0.0010262287687510252 0
1683861072630 0.0010236823000013828 0
1683861079209 0.0010154105257242918 0
1683861085836 0.001003117999061942 0
1683861092440 0.0010363069595769048 0
1683861099280 0.0009720426751300693 0
1683861105885 0.000983053003437817 0
1683861112628 0.0009619054035283625 0
1683861119205 0.0009784083813428879 0
1683861125800 0.000972067064139992 0
1683861132577 0.0009288416476920247 0
1683861139419 0.0009333120542578399 0
1683861145992 0.0009438099223189056 0
1683861152566 0.0008992870571091771 0
1683861159412 0.0008926092996262014 0
1683861166025 0.0008873018668964505 0
1683861172610 0.0008724983199499547 0
1683861179208 0.000889906077645719 0
1683861185818 0.0008766395039856434 0
1683861192467 0.0008947114693000913 0
1683861199119 0.000867940834723413 0
1683861205870 0.0008429939625784755 0
1683861212462 0.0008871843456290662 0
1683861219109 0.0008737893076613545 0
1683861225728 0.0008567984914407134 0
1683861232292 0.0008681541075929999 0
1683861239154 0.0008540967246517539 0
