1683857133445 0.462592214345932 0
1683857140278 0.5426765084266663 0
1683857146823 0.6880927085876465 0
1683857153407 0.7218124270439148 0
1683857159961 0.7365648150444031 0
1683857166519 0.7713382244110107 0
1683857173110 0.8113803863525391 0
1683857179661 0.8408851623535156 0
1683857186231 0.8514225482940674 0
1683857192823 0.8398314118385315 0
1683857199476 0.8703898787498474 0
1683857206098 0.8988409042358398 0
1683857212706 0.9167544841766357 0
1683857219297 0.912539541721344 0
1683857225920 0.9220231771469116 0
1683857232549 0.9178082346916199 0
1683857239165 0.944151759147644 0
1683857245758 0.931506872177124 0
1683857252401 0.950474202632904 0
1683857259016 0.9546891450881958 0
1683857265950 0.9578503966331482 0
1683857272569 0.9631190896034241 0
1683857279338 0.9641728401184082 0
1683857286103 0.9778714179992676 0
1683857292714 0.9820864200592041 0
1683857299459 0.9726027250289917 0
1683857306055 0.9768177270889282 0
1683857312805 0.9768177270889282 0
1683857319596 0.9894626140594482 0
1683857326146 0.99367755651474 0
1683857332823 0.98735511302948 0
1683857339404 0.98735511302948 0
1683857346034 0.9841938614845276 0
1683857352639 0.9852476119995117 0
1683857359343 0.9957850575447083 0
1683857365916 0.9894626140594482 0
1683857372491 0.9894626140594482 0
1683857379044 0.98735511302948 0
1683857385656 0.9863013625144958 0
1683857392247 0.9905163049697876 0
