1683857133445 0.0019158623181283474 0
1683857140278 0.0017258924199268222 0
1683857146823 0.0014096356462687254 0
1683857153407 0.001278818934224546 0
1683857159961 0.0011959110852330923 0
1683857166519 0.0011408532736822963 0
1683857173110 0.0010573051404207945 0
1683857179661 0.001016093185171485 0
1683857186231 0.0009817720856517553 0
1683857192823 0.0010003625648096204 0
1683857199476 0.0009054638794623315 0
1683857206098 0.0008674859418533742 0
1683857212706 0.0007839091122150421 0
1683857219297 0.0008027706644497812 0
1683857225920 0.0007657851674593985 0
1683857232549 0.000764978292863816 0
1683857239165 0.0007113092578947544 0
1683857245758 0.0007431259728036821 0
1683857252401 0.0006883431924507022 0
1683857259016 0.0006889839423820376 0
1683857265950 0.0006640768842771649 0
1683857272569 0.0006421634461730719 0
1683857279338 0.0006512762629427016 0
1683857286103 0.0006007336778566241 0
1683857292714 0.0006002063164487481 0
1683857299459 0.0006102884653955698 0
1683857306055 0.0006165388622321188 0
1683857312805 0.0006077889120206237 0
1683857319596 0.0005710477707907557 0
1683857326146 0.0005607982166111469 0
1683857332823 0.0005866146530024707 0
1683857339404 0.000573547906242311 0
1683857346034 0.0005808058776892722 0
1683857352639 0.0005837274948135018 0
1683857359343 0.0005512202624231577 0
1683857365916 0.0005637690774165094 0
1683857372491 0.0005685450159944594 0
1683857379044 0.0005729179829359055 0
1683857385656 0.0005844075931236148 0
1683857392247 0.0005538048571906984 0
