1683859250820 0.4467860758304596 0
1683859257387 0.5827186703681946 0
1683859263958 0.6701791286468506 0
1683859270557 0.7270811200141907 0
1683859277126 0.7291886210441589 0
1683859283710 0.7629083395004272 0
1683859290291 0.8040041923522949 0
1683859296910 0.8124341368675232 0
1683859303475 0.8472076058387756 0
1683859310053 0.8577449917793274 0
1683859316630 0.8830347657203674 0
1683859323189 0.8883034586906433 0
1683859329781 0.9199156761169434 0
1683859336363 0.9051633477210999 0
1683859342984 0.918861985206604 0
1683859349599 0.9230769276618958 0
1683859356186 0.9304531216621399 0
1683859362804 0.931506872177124 0
1683859369382 0.9494204521179199 0
1683859375947 0.9430980086326599 0
1683859382696 0.9367755651473999 0
1683859389258 0.9567966461181641 0
1683859396173 0.9536353945732117 0
1683859402914 0.9641728401184082 0
1683859409489 0.9652265310287476 0
1683859416225 0.9567966461181641 0
1683859422933 0.97471022605896 0
1683859429699 0.9662802815437317 0
1683859436304 0.9757639765739441 0
1683859443102 0.9736564755439758 0
1683859449827 0.9863013625144958 0
1683859456580 0.9726027250289917 0
1683859463184 0.9841938614845276 0
1683859469899 0.9757639765739441 0
1683859476472 0.98103266954422 0
1683859483062 0.9894626140594482 0
1683859489651 0.9852476119995117 0
1683859496252 0.97471022605896 0
1683859502842 0.98735511302948 0
1683859509435 0.9841938614845276 0
1683859516028 0.9852476119995117 0
1683859522567 0.98735511302948 0
1683859529191 0.9726027250289917 0
1683859535785 0.9894626140594482 0
1683859542373 0.9704952836036682 0
1683859548977 0.97471022605896 0
1683859555520 0.9947313070297241 0
1683859562101 0.9852476119995117 0
1683859568682 0.9831401705741882 0
1683859575245 0.9905163049697876 0
1683859581804 0.9915700554847717 0
1683859588375 0.99367755651474 0
1683859594947 0.9894626140594482 0
1683859601512 0.9905163049697876 0
1683859608100 0.9863013625144958 0
1683859614675 0.9894626140594482 0
1683859621237 0.9926238059997559 0
