1683859250820 0.001906306599266827 0
1683859257387 0.00165387406013906 0
1683859263958 0.001415089936926961 0
1683859270557 0.0012924764305353165 0
1683859277126 0.001237079151906073 0
1683859283710 0.001146951806731522 0
1683859290291 0.001079515554010868 0
1683859296910 0.0010536403860896826 0
1683859303475 0.000993926078081131 0
1683859310053 0.0009990532416850328 0
1683859316630 0.0008887528674677014 0
1683859323189 0.0008749904227443039 0
1683859329781 0.0008069345494732261 0
1683859336363 0.0008284728392027318 0
1683859342984 0.0008014789782464504 0
1683859349599 0.0007787558133713901 0
1683859356186 0.000748619029764086 0
1683859362804 0.0007496654288843274 0
1683859369382 0.000710850756149739 0
1683859375947 0.0007171190809458494 0
1683859382696 0.000728667015209794 0
1683859389258 0.0006851059151813388 0
1683859396173 0.000665190746076405 0
1683859402914 0.0006377357640303671 0
1683859409489 0.0006483332836069167 0
1683859416225 0.0006662119994871318 0
1683859422933 0.0006171305431053042 0
1683859429699 0.0006307499133981764 0
1683859436304 0.0006124547217041254 0
1683859443102 0.0006202237564139068 0
1683859449827 0.0005821704980917275 0
1683859456580 0.0006100234459154308 0
1683859463184 0.0005850322777405381 0
1683859469899 0.0006035068654455245 0
1683859476472 0.00059711147332564 0
1683859483062 0.0005721591878682375 0
1683859489651 0.0005840673693455756 0
1683859496252 0.0006132159032858908 0
1683859502842 0.0005688680685125291 0
1683859509435 0.0005930057377554476 0
1683859516028 0.0005835937918163836 0
1683859522567 0.0005833254544995725 0
1683859529191 0.0006204531528055668 0
1683859535785 0.0005686631193384528 0
1683859542373 0.000639161211438477 0
1683859548977 0.000603622233029455 0
1683859555520 0.000552549259737134 0
1683859562101 0.0005785197718068957 0
1683859568682 0.0005846847197972238 0
1683859575245 0.0005610730149783194 0
1683859581804 0.0005499066901393235 0
1683859588375 0.0005481381667777896 0
1683859594947 0.0005641455063596368 0
1683859601512 0.0005575780523940921 0
1683859608100 0.0005739554180763662 0
1683859614675 0.0005646982463076711 0
1683859621237 0.0005610883818008006 0
