1683858055207 0.38566911220550537 0
1683858061699 0.4899894595146179 0
1683858068388 0.6438356041908264 0
1683858074933 0.7197049260139465 0
1683858081536 0.7302423715591431 0
1683858088095 0.7755532264709473 0
1683858094676 0.7955743074417114 0
1683858101292 0.8208640813827515 0
1683858107834 0.8503687977790833 0
1683858114376 0.8514225482940674 0
1683858120936 0.8977871537208557 0
1683858127510 0.8703898787498474 0
1683858134072 0.918861985206604 0
1683858140660 0.9051633477210999 0
1683858147212 0.9093782901763916 0
1683858153808 0.9241306781768799 0
1683858160392 0.9283456206321716 0
1683858166935 0.9304531216621399 0
1683858173528 0.9515279531478882 0
1683858180400 0.9409905076026917 0
1683858187169 0.9304531216621399 0
1683858193897 0.9515279531478882 0
1683858200450 0.9557428956031799 0
1683858207183 0.9673340320587158 0
1683858213773 0.9620653390884399 0
1683858220337 0.9578503966331482 0
1683858226943 0.9799789190292358 0
1683858233659 0.9704952836036682 0
1683858240215 0.9768177270889282 0
1683858246926 0.9799789190292358 0
1683858253512 0.9884088635444641 0
1683858260245 0.9736564755439758 0
1683858266801 0.9799789190292358 0
1683858273357 0.9768177270889282 0
1683858279971 0.98103266954422 0
1683858286570 0.9905163049697876 0
1683858293162 0.9947313070297241 0
1683858299732 0.9778714179992676 0
1683858306346 0.9926238059997559 0
1683858312930 0.9841938614845276 0
1683858319520 0.9841938614845276 0
1683858326088 0.9884088635444641 0
