1683858055207 0.0019555019680410624 0
1683858061699 0.001816597650758922 0
1683858068388 0.0014990813797339797 0
1683858074933 0.0013042145874351263 0
1683858081536 0.0012410449562594295 0
1683858088095 0.0011486242292448878 0
1683858094676 0.0010724420426413417 0
1683858101292 0.0010468607069924474 0
1683858107834 0.0009870994836091995 0
1683858114376 0.000992389745078981 0
1683858120936 0.0008697327575646341 0
1683858127510 0.000904510379768908 0
1683858134072 0.0007958426140248775 0
1683858140660 0.0008184054750017822 0
1683858147212 0.0008031500037759542 0
1683858153808 0.0007718566339462996 0
1683858160392 0.0007641252013854682 0
1683858166935 0.0007524738321080804 0
1683858173528 0.0007014995790086687 0
1683858180400 0.0007220330298878253 0
1683858187169 0.000747065816540271 0
1683858193897 0.0006800030241720378 0
1683858200450 0.0006738390075042844 0
1683858207183 0.0006262336974032223 0
1683858213773 0.0006558813620358706 0
1683858220337 0.0006822076393291354 0
1683858226943 0.0006065830239094794 0
1683858233659 0.0006299000815488398 0
1683858240215 0.000613283074926585 0
1683858246926 0.0006074669654481113 0
1683858253512 0.0005793256568722427 0
1683858260245 0.0006199165945872664 0
1683858266801 0.0005973094957880676 0
1683858273357 0.0006036542472429574 0
1683858279971 0.0005972192157059908 0
1683858286570 0.0005787519039586186 0
1683858293162 0.0005576237454079092 0
1683858299732 0.0005949826445430517 0
1683858306346 0.0005629179649986327 0
1683858312930 0.0005841978127136827 0
1683858319520 0.0005890615866519511 0
1683858326088 0.000573029974475503 0
