1683862182611 0.3930453062057495 0
1683862189179 0.45732349157333374 0
1683862195765 0.5142254829406738 0
1683862202360 0.5785036683082581 0
1683862209103 0.6575342416763306 0
1683862215668 0.704952597618103 0
1683862222295 0.7397260069847107 0
1683862228923 0.7586933374404907 0
1683862235517 0.7681770324707031 0
1683862242076 0.7787144184112549 0
1683862248645 0.7913593053817749 0
1683862255228 0.8177028298377991 0
1683862261846 0.8261327743530273 0
1683862268459 0.8366701602935791 0
1683862275047 0.8398314118385315 0
1683862281597 0.8440463542938232 0
1683862288211 0.8630136847496033 0
1683862294784 0.8545837998390198 0
1683862301420 0.8746048212051392 0
1683862308208 0.8735511302947998 0
1683862315077 0.8798735737800598 0
1683862321904 0.8914647102355957 0
1683862328716 0.8904109597206116 0
1683862335506 0.9083245396614075 0
1683862342112 0.9114857912063599 0
1683862348896 0.8988409042358398 0
1683862355516 0.9272918701171875 0
1683862362111 0.9230769276618958 0
1683862368966 0.9346680641174316 0
1683862375743 0.937829315662384 0
1683862382484 0.9557428956031799 0
1683862389274 0.9525816440582275 0
1683862395851 0.9557428956031799 0
1683862402466 0.9557428956031799 0
1683862409106 0.9388830065727234 0
1683862415684 0.9536353945732117 0
1683862422278 0.9673340320587158 0
1683862428879 0.950474202632904 0
1683862435479 0.97471022605896 0
1683862442074 0.9578503966331482 0
1683862448650 0.9683877825737 0
1683862455236 0.9683877825737 0
1683862461846 0.9620653390884399 0
1683862468459 0.9704952836036682 0
1683862475101 0.9599578380584717 0
1683862481682 0.9778714179992676 0
1683862488271 0.9894626140594482 0
1683862494913 0.9683877825737 0
1683862501538 0.9852476119995117 0
1683862508161 0.9820864200592041 0
1683862514724 0.9726027250289917 0
1683862521334 0.9820864200592041 0
