1683862182611 0.0019428475061431527 0
1683862189179 0.001885444624349475 0
1683862195765 0.0017835019389167428 0
1683862202360 0.0016258797841146588 0
1683862209103 0.0013596282806247473 0
1683862215668 0.0011520548723638058 0
1683862222295 0.0010270917555317283 0
1683862228923 0.0009597845491953194 0
1683862235517 0.0009112723055295646 0
1683862242076 0.0009285134728997946 0
1683862248645 0.0008543566218577325 0
1683862255228 0.0007883906946517527 0
1683862261846 0.0007230189512483776 0
1683862268459 0.000717280141543597 0
1683862275047 0.000723066448699683 0
1683862281597 0.0006918938597664237 0
1683862288211 0.0006673420430161059 0
1683862294784 0.0006266224081628025 0
1683862301420 0.0005982638685964048 0
1683862308208 0.0005863072001375258 0
1683862315077 0.0005832166061736643 0
1683862321904 0.0005530292401090264 0
1683862328716 0.0005560109275393188 0
1683862335506 0.0004590991884469986 0
1683862342112 0.00048673470155335963 0
1683862348896 0.00048598996363580227 0
1683862355516 0.0004118417564313859 0
1683862362111 0.000414336274843663 0
1683862368966 0.0003635328321252018 0
1683862375743 0.00036834710044786334 0
1683862382484 0.0003136713639833033 0
1683862389274 0.0003033527173101902 0
1683862395851 0.000290815660264343 0
1683862402466 0.0002793630410451442 0
1683862409106 0.00033327730488963425 0
1683862415684 0.00029687429196201265 0
1683862422278 0.00023334025172516704 0
1683862428879 0.00029841187642887235 0
1683862435479 0.00021713237219955772 0
1683862442074 0.0002461519616190344 0
1683862448650 0.0002514479565434158 0
1683862455236 0.0002143355959560722 0
1683862461846 0.0002509424230083823 0
1683862468459 0.0002231504477094859 0
1683862475101 0.0002663570921868086 0
1683862481682 0.0001853331341408193 0
1683862488271 0.00014243813348002732 0
1683862494913 0.0002251647674711421 0
1683862501538 0.00016173745098058134 0
1683862508161 0.0001567360886838287 0
1683862514724 0.00019760617578867823 0
1683862521334 0.00016798429714981467 0
