1683851621543 0.39726027846336365 0
1683851628249 0.45416226983070374 0
1683851634838 0.49736565351486206 0
1683851641423 0.553213894367218 0
1683851648004 0.6269757747650146 0
1683851654580 0.6617491841316223 0
1683851661178 0.7017913460731506 0
1683851667786 0.7239199280738831 0
1683851674392 0.7281348705291748 0
1683851680980 0.7302423715591431 0
1683851687569 0.7376185655593872 0
1683851694207 0.7565858960151672 0
1683851700784 0.7839831113815308 0
1683851707392 0.8082191944122314 0
1683851714028 0.8018967509269714 0
1683851720818 0.7913593053817749 0
1683851727397 0.8124341368675232 0
1683851734169 0.8155953884124756 0
1683851740929 0.822971522808075 0
1683851747489 0.841938853263855 0
1683851754242 0.8387776613235474 0
1683851760945 0.8545837998390198 0
1683851767625 0.8640674352645874 0
1683851774387 0.8830347657203674 0
1683851781116 0.8830347657203674 0
1683851787898 0.8630136847496033 0
1683851794507 0.9030558466911316 0
1683851801288 0.8935721516609192 0
1683851808215 0.9083245396614075 0
1683851814954 0.9209694266319275 0
1683851821598 0.9336143136024475 0
1683851828200 0.925184428691864 0
1683851834851 0.9357218146324158 0
1683851841591 0.9241306781768799 0
1683851848172 0.9388830065727234 0
1683851854776 0.931506872177124 0
1683851861401 0.9515279531478882 0
1683851868017 0.9462592005729675 0
1683851874632 0.9462592005729675 0
1683851881188 0.9399367570877075 0
1683851887786 0.9567966461181641 0
1683851894375 0.9599578380584717 0
1683851900956 0.9336143136024475 0
1683851907553 0.9494204521179199 0
1683851914183 0.9304531216621399 0
1683851920796 0.9652265310287476 0
1683851927374 0.9757639765739441 0
1683851934058 0.9578503966331482 0
1683851940655 0.9694415330886841 0
1683851947254 0.9778714179992676 0
1683851953850 0.9778714179992676 0
1683851960463 0.98103266954422 0
1683851967118 0.9683877825737 0
1683851973773 0.97471022605896 0
1683851980382 0.9757639765739441 0
1683851986944 0.97471022605896 0
1683851993587 0.9726027250289917 0
1683851996766 71.875 0
