1683851621543 0.001955502200871706 0
1683851628249 0.0019027935341000557 0
1683851634838 0.0018249632557854056 0
1683851641423 0.001713009551167488 0
1683851648004 0.0015678531490266323 0
1683851654580 0.0014484935672953725 0
1683851661178 0.001344050862826407 0
1683851667786 0.0012920527951791883 0
1683851674392 0.0012546032667160034 0
1683851680980 0.0012544726487249136 0
1683851687569 0.0011842591920867562 0
1683851694207 0.0011829567374661565 0
1683851700784 0.0011137068504467607 0
1683851707392 0.0010889575351029634 0
1683851714028 0.0011021362151950598 0
1683851720818 0.0010901374043896794 0
1683851727397 0.0010295932879671454 0
1683851734169 0.0010285490425303578 0
1683851740929 0.0010260617127642035 0
1683851747489 0.0009911000961437821 0
1683851754242 0.0009876810945570469 0
1683851760945 0.0009617317700758576 0
1683851767625 0.0009432793012820184 0
1683851774387 0.0008972990908659995 0
1683851781116 0.0009045621263794601 0
1683851787898 0.0009205764508806169 0
1683851794507 0.0008686186629347503 0
1683851801288 0.0008695901487953961 0
1683851808215 0.0008354572928510606 0
1683851814954 0.000798723369371146 0
1683851821598 0.000766624347306788 0
1683851828200 0.0007755599217489362 0
1683851834851 0.0007557130302302539 0
1683851841591 0.0007756117265671492 0
1683851848172 0.0007320886943489313 0
1683851854776 0.0007564388797618449 0
1683851861401 0.000693463662173599 0
1683851868017 0.0007298880373127759 0
1683851874632 0.0006991765112616122 0
1683851881188 0.0007222451968118548 0
1683851887786 0.0006839925772510469 0
1683851894375 0.0006710190209560096 0
1683851900956 0.0007353704422712326 0
1683851907553 0.0006795323570258915 0
1683851914183 0.0007517518242821097 0
1683851920796 0.0006625123205594718 0
1683851927374 0.0006180877680890262 0
1683851934058 0.0006814068183302879 0
1683851940655 0.0006319499807432294 0
1683851947254 0.0006220204522833228 0
1683851953850 0.0006176208844408393 0
1683851960463 0.0005970114143565297 0
1683851967118 0.0006487550563178957 0
1683851973773 0.0006192771252244711 0
1683851980382 0.0006128457607701421 0
1683851986944 0.0006276610074564815 0
1683851993587 0.0006376854726113379 0
1683851996765 0.7040329575538635 0
