1683858503128 0.42149630188941956 0
1683858509669 0.5416227579116821 0
1683858516224 0.6396206617355347 0
1683858522796 0.7260273694992065 0
1683858529369 0.7471022009849548 0
1683858535927 0.786090612411499 0
1683858542490 0.8303477168083191 0
1683858549018 0.835616409778595 0
1683858555591 0.8630136847496033 0
1683858562182 0.8587987422943115 0
1683858568754 0.9009483456611633 0
1683858575341 0.8956796526908875 0
1683858581949 0.931506872177124 0
1683858588500 0.8893572092056274 0
1683858595101 0.9293993711471558 0
1683858601704 0.9272918701171875 0
1683858608272 0.944151759147644 0
1683858614833 0.9473129510879517 0
1683858621415 0.950474202632904 0
1683858628176 0.9546891450881958 0
1683858635058 0.9589040875434875 0
1683858641627 0.9536353945732117 0
1683858648364 0.9631190896034241 0
1683858655168 0.9768177270889282 0
1683858661949 0.9768177270889282 0
1683858668514 0.9610115885734558 0
1683858675277 0.97471022605896 0
1683858681972 0.9799789190292358 0
1683858688547 0.9704952836036682 0
1683858695368 0.98103266954422 0
1683858702112 0.98735511302948 0
1683858708697 0.9884088635444641 0
1683858715284 0.9926238059997559 0
1683858721822 0.9852476119995117 0
1683858728416 0.9841938614845276 0
1683858735021 0.98103266954422 0
1683858741758 0.9894626140594482 0
1683858748308 0.98735511302948 0
