1683858503128 0.00190738623496145 0
1683858509669 0.0016933652805164456 0
1683858516224 0.0014828612329438329 0
1683858522796 0.0013008106034249067 0
1683858529369 0.001217362005263567 0
1683858535927 0.0011179096763953567 0
1683858542490 0.0010473969159647822 0
1683858549018 0.0010142936371266842 0
1683858555591 0.0009783115237951279 0
1683858562182 0.0009587749373167753 0
1683858568754 0.0008430553134530783 0
1683858575341 0.0008483125129714608 0
1683858581949 0.0007669863989576697 0
1683858588500 0.0008423752151429653 0
1683858595101 0.0007851716363802552 0
1683858601704 0.0007601381512358785 0
1683858608272 0.0007346828933805227 0
1683858614833 0.000705620099324733 0
1683858621415 0.0006882030284032226 0
1683858628176 0.0006885661277920008 0
1683858635058 0.000664428633172065 0
1683858641627 0.0006806640885770321 0
1683858648364 0.0006489286315627396 0
1683858655168 0.000619524042122066 0
1683858661949 0.0006118949386291206 0
1683858668514 0.0006634534220211208 0
1683858675277 0.0006207097903825343 0
1683858681972 0.0006087992223910987 0
1683858688547 0.0006405946332961321 0
1683858695368 0.0005976281245239079 0
1683858702112 0.0005782800144515932 0
1683858708697 0.0005721249617636204 0
1683858715284 0.00056197599042207 0
1683858721822 0.0005719949840568006 0
1683858728416 0.0005790240247733891 0
1683858735021 0.0005929540493525565 0
1683858741758 0.0005795309552922845 0
1683858748308 0.0005807223496958613 0
