1683855549032 0.34351950883865356 0
1683855555605 0.3888303339481354 0
1683855562154 0.40358272194862366 0
1683855568762 0.4257112741470337 0
1683855575543 0.4341411888599396 0
1683855582120 0.45521602034568787 0
1683855588668 0.4857744872570038 0
1683855595219 0.48472076654434204 0
1683855601856 0.5121180415153503 0
1683855608435 0.5268703699111938 0
1683855615072 0.5637513399124146 0
1683855622029 0.5753424763679504 0
1683855628623 0.6122233867645264 0
1683855635248 0.6322444677352905 0
1683855641795 0.6459431052207947 0
1683855648419 0.667017936706543 0
1683855655007 0.6891464591026306 0
1683855661776 0.6786090731620789 0
1683855668565 0.7038988471031189 0
1683855675331 0.7060063481330872 0
1683855682074 0.7060063481330872 0
1683855688845 0.7133824825286865 0
1683855695437 0.7197049260139465 0
1683855702208 0.741833508014679 0
1683855709063 0.7397260069847107 0
1683855715803 0.7471022009849548 0
1683855722602 0.7449947595596313 0
1683855729147 0.7565858960151672 0
1683855735726 0.767123281955719 0
1683855742366 0.773445725440979 0
1683855748959 0.767123281955719 0
1683855755770 0.7934668064117432 0
1683855762493 0.8008430004119873 0
1683855769054 0.7997892498970032 0
1683855775611 0.8018967509269714 0
1683855782182 0.8198103308677673 0
1683855789130 0.8124341368675232 0
1683855795700 0.798735499382019 0
1683855802233 0.8113803863525391 0
1683855808639 0.8155953884124756 0
1683855814934 0.8271865248680115 0
1683855821421 0.835616409778595 0
1683855828101 0.8071654438972473 0
1683855834689 0.822971522808075 0
1683855841295 0.8324552178382874 0
1683855847879 0.8566912412643433 0
1683855854492 0.8630136847496033 0
1683855861276 0.8451001048088074 0
1683855867824 0.8545837998390198 0
1683855874553 0.8630136847496033 0
1683855881102 0.8693361282348633 0
1683855887683 0.8524762988090515 0
1683855894310 0.8661749362945557 0
1683855900952 0.8598524928092957 0
1683855907693 0.8630136847496033 0
1683855914278 0.8524762988090515 0
1683855921076 0.8587987422943115 0
1683855927625 0.8714436292648315 0
1683855934199 0.8735511302947998 0
1683855940748 0.8566912412643433 0
1683855947359 0.8756585717201233 0
1683855953944 0.8788198232650757 0
1683855960507 0.8840885162353516 0
1683855967125 0.8883034586906433 0
1683855973700 0.8872497081756592 0
1683855980278 0.9020020961761475 0
1683855987158 0.8956796526908875 0
1683855993769 0.8830347657203674 0
1683856000349 0.899894654750824 0
1683856006924 0.8914647102355957 0
1683856013689 0.8925184607505798 0
1683856020272 0.906217098236084 0
1683856026886 0.8946259021759033 0
1683856033501 0.8946259021759033 0
1683856040107 0.9041095972061157 0
1683856046672 0.899894654750824 0
1683856053273 0.8967334032058716 0
1683856059873 0.9041095972061157 0
1683856066475 0.9009483456611633 0
1683856073081 0.9083245396614075 0
1683856079641 0.9051633477210999 0
1683856086249 0.8967334032058716 0
1683856092874 0.9178082346916199 0
1683856099468 0.9357218146324158 0
1683856106045 0.9241306781768799 0
1683856112656 0.9114857912063599 0
1683856119255 0.931506872177124 0
1683856125870 0.9167544841766357 0
1683856132664 0.931506872177124 0
1683856139252 0.931506872177124 0
1683856145995 0.9241306781768799 0
1683856152574 0.9293993711471558 0
1683856159214 0.9272918701171875 0
1683856165812 0.9283456206321716 0
1683856172387 0.9167544841766357 0
1683856178960 0.9430980086326599 0
1683856185544 0.9325605630874634 0
1683856192273 0.9230769276618958 0
1683856198839 0.9367755651473999 0
1683856205441 0.9346680641174316 0
