1683855549032 0.0019713337533175945 0
1683855555605 0.0019609788432717323 0
1683855562154 0.0019480821210891008 0
1683855568762 0.001936590764671564 0
1683855575543 0.0019236952066421509 0
1683855582120 0.0019077523611485958 0
1683855588668 0.001884858007542789 0
1683855595219 0.001862086821347475 0
1683855601856 0.00182451365981251 0
1683855608435 0.0017855577170848846 0
1683855615072 0.0017238483997061849 0
1683855622029 0.0016570945736020803 0
1683855628623 0.0015821651322767138 0
1683855635248 0.0015082114841789007 0
1683855641795 0.0014881212264299393 0
1683855648419 0.0014516307273879647 0
1683855655007 0.0014086287701502442 0
1683855661776 0.0013984526740387082 0
1683855668565 0.001364254392683506 0
1683855675331 0.0013219158863648772 0
1683855682074 0.0013215083163231611 0
1683855688845 0.001301193842664361 0
1683855695437 0.0013049523113295436 0
1683855702208 0.0012402109568938613 0
1683855709063 0.0012427519541233778 0
1683855715803 0.0012327037984505296 0
1683855722602 0.0012256024638190866 0
1683855729147 0.001212269184179604 0
1683855735726 0.0011814958415925503 0
1683855742366 0.0011772237485274673 0
1683855748959 0.0011624619364738464 0
1683855755770 0.0011345541570335627 0
1683855762493 0.0011335870949551463 0
1683855769054 0.0011262946063652635 0
1683855775611 0.0011307185050100088 0
1683855782182 0.0011149339843541384 0
1683855789130 0.0010838012676686049 0
1683855795700 0.0011182089801877737 0
1683855802233 0.0010776027338579297 0
1683855808639 0.0011007027933374047 0
1683855814934 0.00106346036773175 0
1683855821421 0.0010604431154206395 0
1683855828101 0.0010800361633300781 0
1683855834689 0.0010869557736441493 0
1683855841295 0.0010623492999002337 0
1683855847879 0.0010031616548076272 0
1683855854492 0.0009911571396514773 0
1683855861276 0.0010070406133309007 0
1683855867824 0.0009892923990264535 0
1683855874553 0.0009682949748821557 0
1683855881102 0.0009826092282310128 0
1683855887683 0.0009787854505702853 0
1683855894310 0.0009487481438554823 0
1683855900952 0.0009568348177708685 0
1683855907693 0.0009664977551437914 0
1683855914278 0.0009621309000067413 0
1683855921076 0.0009680803632363677 0
1683855927625 0.000922989216633141 0
1683855934199 0.0009608172113075852 0
1683855940748 0.0009742797701619565 0
1683855947359 0.0009183057118207216 0
1683855953944 0.0009222790249623358 0
1683855960507 0.000895892851985991 0
1683855967125 0.0008923553396016359 0
1683855973700 0.0009076481219381094 0
1683855980278 0.0008646972710266709 0
1683855987158 0.0008773340960033238 0
1683855993769 0.0009030800429172814 0
1683856000349 0.0008588330238126218 0
1683856006924 0.0008523379801772535 0
1683856013689 0.0008637151913717389 0
1683856020272 0.000831615412607789 0
1683856026886 0.000861111213453114 0
1683856033501 0.0008521763375028968 0
1683856040107 0.0008310034172609448 0
1683856046672 0.000853197299875319 0
1683856053273 0.0008457568474113941 0
1683856059873 0.0008442100370302796 0
1683856066475 0.000840680324472487 0
1683856073081 0.0008154175011441112 0
1683856079641 0.0008302822825498879 0
1683856086249 0.0008498945971950889 0
1683856092874 0.0007876716554164886 0
1683856099468 0.000753147411160171 0
1683856106045 0.0007993486360646784 0
1683856112656 0.0008127735345624387 0
1683856119255 0.0007673981599509716 0
1683856125870 0.0008038251544348896 0
1683856132664 0.0007508172420784831 0
1683856139252 0.0007693578372709453 0
1683856145995 0.0007850491674616933 0
1683856152574 0.0007489892886951566 0
1683856159214 0.0007771763484925032 0
1683856165812 0.0007658837712369859 0
1683856172387 0.0007743978057987988 0
1683856178960 0.0007296261610463262 0
1683856185544 0.0007656186353415251 0
1683856192273 0.0007910979329608381 0
1683856198839 0.000753735366743058 0
1683856205441 0.0007532007875852287 0
