1683854281774 0.3740779757499695 0
1683854288369 0.3751317262649536 0
1683854294974 0.38461539149284363 0
1683854301566 0.40569019317626953 0
1683854308102 0.4162276089191437 0
1683854314657 0.42465752363204956 0
1683854321211 0.4373024106025696 0
1683854327787 0.4236038029193878 0
1683854334534 0.44889357686042786 0
1683854341119 0.4383561611175537 0
1683854347750 0.449947327375412 0
1683854354374 0.45521602034568787 0
1683854360977 0.46048471331596375 0
1683854367553 0.45205479860305786 0
1683854374425 0.45732349157333374 0
1683854381034 0.46996837854385376 0
1683854387618 0.47629082202911377 0
1683854394179 0.47629082202911377 0
1683854400975 0.48155954480171204 0
1683854407545 0.4920969307422638 0
1683854414109 0.48155954480171204 0
1683854420807 0.4805057942867279 0
1683854427586 0.4857744872570038 0
1683854434415 0.4899894595146179 0
1683854441204 0.5068492889404297 0
1683854447769 0.49947312474250793 0
1683854454581 0.508956789970398 0
1683854461191 0.5100105404853821 0
1683854467985 0.5205479264259338 0
1683854474577 0.5331928133964539 0
1683854481168 0.5237091779708862 0
1683854487739 0.534246563911438 0
1683854494323 0.5331928133964539 0
1683854500891 0.5416227579116821 0
1683854507427 0.5489989519119263 0
1683854514052 0.5542676448822021 0
1683854520623 0.5489989519119263 0
1683854527248 0.5605900883674622 0
1683854533816 0.5795574188232422 0
1683854540582 0.5669125318527222 0
1683854547410 0.5679662823677063 0
1683854554145 0.5943098068237305 0
1683854560694 0.5795574188232422 0
1683854567280 0.5964173078536987 0
1683854573856 0.5816649198532104 0
1683854580693 0.5943098068237305 0
1683854587299 0.6143308877944946 0
1683854594158 0.6006322503089905 0
1683854601039 0.6290832161903381 0
1683854607644 0.6290832161903381 0
1683854614263 0.6206533312797546 0
1683854621059 0.6354057192802429 0
1683854627802 0.6396206617355347 0
1683854634389 0.6417281627655029 0
1683854641134 0.6406744122505188 0
1683854647710 0.6438356041908264 0
1683854654473 0.6406744122505188 0
1683854661032 0.6469968557357788 0
1683854667757 0.6491042971611023 0
1683854674371 0.660695493221283 0
1683854681148 0.6712328791618347 0
1683854687714 0.667017936706543 0
1683854694315 0.6838777661323547 0
1683854700889 0.6659641861915588 0
1683854707452 0.6680716276168823 0
1683854714231 0.6743940711021423 0
1683854721100 0.6828240156173706 0
1683854727721 0.6807165145874023 0
1683854734298 0.6838777661323547 0
1683854741102 0.685985267162323 0
1683854747897 0.6807165145874023 0
1683854754503 0.704952597618103 0
1683854761288 0.6775553226470947 0
1683854767879 0.6902002096176147 0
1683854774501 0.6880927085876465 0
1683854781092 0.6912539601325989 0
1683854787715 0.6912539601325989 0
