1683854281774 0.0019745053723454475 0
1683854288369 0.001972603378817439 0
1683854294974 0.001966378651559353 0
1683854301566 0.001964317634701729 0
1683854308102 0.001958732260391116 0
1683854314657 0.0019571988377720118 0
1683854321211 0.0019516032189130783 0
1683854327787 0.001950722187757492 0
1683854334534 0.0019457291346043348 0
1683854341119 0.0019431979162618518 0
1683854347750 0.0019392733229324222 0
1683854354374 0.0019342784071341157 0
1683854360977 0.0019307786133140326 0
1683854367553 0.0019277457613497972 0
1683854374425 0.0019240719266235828 0
1683854381034 0.0019178875954821706 0
1683854387618 0.0019138931529596448 0
1683854394179 0.0019096439937129617 0
1683854400975 0.0019064723746851087 0
1683854407545 0.0019010024843737483 0
1683854414109 0.0018918609712272882 0
1683854420807 0.0018867449834942818 0
1683854427586 0.0018833368085324764 0
1683854434415 0.001875610090792179 0
1683854441204 0.0018660987261682749 0
1683854447769 0.0018588817911222577 0
1683854454581 0.0018489579670131207 0
1683854461191 0.001839049975387752 0
1683854467985 0.0018286306876689196 0
1683854474577 0.0018171034753322601 0
1683854481168 0.001806997344829142 0
1683854487739 0.00179054937325418 0
1683854494323 0.0017823511734604836 0
1683854500891 0.0017687230138108134 0
1683854507427 0.0017517678206786513 0
1683854514052 0.0017411946319043636 0
1683854520623 0.001728279166854918 0
1683854527248 0.0017179037677124143 0
1683854533816 0.0016985215479508042 0
1683854540582 0.0016974236350506544 0
1683854547410 0.0016836663708090782 0
1683854554145 0.0016671328339725733 0
1683854560694 0.0016585877165198326 0
1683854567280 0.0016522080404683948 0
1683854573856 0.001643165946006775 0
1683854580693 0.0016171103343367577 0
1683854587299 0.0015976575668901205 0
1683854594158 0.0016040467889979482 0
1683854601039 0.0015709707513451576 0
1683854607644 0.001551637426018715 0
1683854614263 0.0015464179450646043 0
1683854621059 0.001534838229417801 0
1683854627802 0.0015189818805083632 0
1683854634389 0.0015278644859790802 0
1683854641134 0.0015116690192371607 0
1683854647710 0.0015167277306318283 0
1683854654473 0.0015036204131320119 0
1683854661032 0.0014898049412295222 0
1683854667757 0.0014750116970390081 0
1683854674371 0.0014740177430212498 0
1683854681148 0.0014445192646235228 0
1683854687714 0.0014496933436021209 0
1683854694315 0.0014212514506652951 0
1683854700889 0.0014356813626363873 0
1683854707452 0.0014245000202208757 0
1683854714231 0.0014178849523887038 0
1683854721100 0.0014143150765448809 0
1683854727721 0.001411376055330038 0
1683854734298 0.0013895444571971893 0
1683854741102 0.0013817689614370465 0
1683854747897 0.0013768656644970179 0
1683854754503 0.0013485405361279845 0
1683854761288 0.0013880699407309294 0
1683854767879 0.0013781697489321232 0
1683854774501 0.0013849342940375209 0
1683854781092 0.001369386911392212 0
1683854787715 0.001368628698401153 0
