1683856451193 0.3319283425807953 0
1683856457725 0.3382507860660553 0
1683856464326 0.3561643958091736 0
1683856470856 0.3835616409778595 0
1683856477454 0.4404636323451996 0
1683856484075 0.49104321002960205 0
1683856490724 0.5353003144264221 0
1683856497353 0.5268703699111938 0
1683856503955 0.5416227579116821 0
1683856510532 0.546891450881958 0
1683856517114 0.5795574188232422 0
1683856523682 0.5974709987640381 0
1683856530239 0.6153846383094788 0
1683856536811 0.6217070817947388 0
1683856543421 0.6354057192802429 0
1683856550053 0.6438356041908264 0
1683856556661 0.6680716276168823 0
1683856563483 0.6722866296768188 0
1683856570329 0.6786090731620789 0
1683856577072 0.6891464591026306 0
1683856583844 0.7028450965881348 0
1683856590650 0.6996839046478271 0
1683856597445 0.6996839046478271 0
1683856604289 0.7218124270439148 0
1683856611124 0.7186512351036072 0
1683856617909 0.7344573140144348 0
1683856624473 0.7207586765289307 0
1683856631325 0.735511064529419 0
1683856638123 0.7428872585296631 0
1683856644889 0.7471022009849548 0
1683856651622 0.7576396465301514 0
1683856658257 0.7660695314407349 0
1683856665163 0.7586933374404907 0
1683856671998 0.7681770324707031 0
1683856678641 0.7586933374404907 0
1683856685262 0.773445725440979 0
1683856691843 0.7744994759559631 0
1683856698459 0.7755532264709473 0
1683856705213 0.7892518639564514 0
1683856711773 0.7945205569267273 0
1683856718370 0.7818756699562073 0
1683856724957 0.7903056144714355 0
1683856731562 0.792413055896759 0
1683856738160 0.7871443629264832 0
1683856744778 0.7945205569267273 0
1683856751316 0.798735499382019 0
1683856757935 0.822971522808075 0
1683856764462 0.798735499382019 0
1683856771076 0.8103266358375549 0
1683856777615 0.8314014673233032 0
1683856784383 0.8198103308677673 0
1683856790943 0.8166490793228149 0
1683856797604 0.8324552178382874 0
1683856804322 0.8261327743530273 0
1683856810936 0.8429926037788391 0
1683856817489 0.829293966293335 0
1683856824104 0.8240252733230591 0
1683856830557 0.8366701602935791 0
1683856837335 0.829293966293335 0
1683856843907 0.8219178318977356 0
1683856850575 0.8440463542938232 0
1683856857059 0.841938853263855 0
1683856863831 0.8556374907493591 0
1683856870585 0.8440463542938232 0
1683856877377 0.8377239108085632 0
1683856883959 0.8587987422943115 0
1683856890551 0.8545837998390198 0
1683856897157 0.8545837998390198 0
1683856903769 0.8703898787498474 0
1683856910348 0.8703898787498474 0
1683856916919 0.8619599342346191 0
1683856923765 0.8767123222351074 0
1683856930298 0.8651211857795715 0
1683856936954 0.8777660727500916 0
1683856943631 0.8767123222351074 0
1683856950226 0.8851422667503357 0
1683856956804 0.8661749362945557 0
