1683856451193 0.002026870846748352 0
1683856457725 0.001997820334509015 0
1683856464326 0.0019723172299563885 0
1683856470856 0.0019469484686851501 0
1683856477454 0.00192345236428082 0
1683856484075 0.001896497211419046 0
1683856490724 0.0018703287933021784 0
1683856497353 0.0018468251219019294 0
1683856503955 0.001810849760659039 0
1683856510532 0.001791086164303124 0
1683856517114 0.0017361196223646402 0
1683856523682 0.0016897589666768909 0
1683856530239 0.0016247305320575833 0
1683856536811 0.0015687431441619992 0
1683856543421 0.0015389553736895323 0
1683856550053 0.0014925490831956267 0
1683856556661 0.001447173417545855 0
1683856563483 0.00143198121804744 0
1683856570329 0.0014069066382944584 0
1683856577072 0.001376915373839438 0
1683856583844 0.0013490152778103948 0
1683856590650 0.001333154272288084 0
1683856597445 0.0013328539207577705 0
1683856604289 0.0012823741417378187 0
1683856611124 0.0013023576466366649 0
1683856617909 0.0012666353723034263 0
1683856624473 0.0012562794145196676 0
1683856631325 0.0012476291740313172 0
1683856638123 0.0012187844840809703 0
1683856644889 0.001222694874741137 0
1683856651622 0.0011890025343745947 0
1683856658257 0.0011779768392443657 0
1683856665163 0.0011713519925251603 0
1683856671998 0.0011558517580851912 0
1683856678641 0.0011776891769841313 0
1683856685262 0.001147212809883058 0
1683856691843 0.001128498581238091 0
1683856698459 0.0011434255866333842 0
1683856705213 0.0011009413283318281 0
1683856711773 0.0011284019565209746 0
1683856718370 0.001115123275667429 0
1683856724957 0.0011094833025708795 0
1683856731562 0.0011198701104149222 0
1683856738160 0.0010956869227811694 0
1683856744778 0.0011105041485279799 0
1683856751316 0.0010741869919002056 0
1683856757935 0.0010362685425207019 0
1683856764462 0.0010795466369017959 0
1683856771076 0.001058373018167913 0
1683856777615 0.0010088452836498618 0
1683856784383 0.001028016209602356 0
1683856790943 0.0010255473898723722 0
1683856797604 0.0010120875667780638 0
1683856804322 0.0010112951276823878 0
1683856810936 0.0009963017655536532 0
1683856817489 0.0010086885886266828 0
1683856824104 0.0010103039676323533 0
1683856830557 0.0009925628546625376 0
1683856837335 0.0010102419182658195 0
1683856843907 0.0010373542318120599 0
1683856850575 0.0009670088766142726 0
1683856857059 0.000979933305643499 0
1683856863831 0.0009584022918716073 0
1683856870585 0.0009687597048468888 0
1683856877377 0.0010040344204753637 0
1683856883959 0.000939639110583812 0
1683856890551 0.0009449052740819752 0
1683856897157 0.000956424861215055 0
1683856903769 0.0009197361068800092 0
1683856910348 0.0009274593903683126 0
1683856916919 0.0009118225425481796 0
1683856923765 0.0008934882353059947 0
1683856930298 0.0009217735496349633 0
1683856936954 0.0009020035504363477 0
1683856943631 0.0008951179916039109 0
1683856950226 0.0008990198839455843 0
1683856956804 0.0009089714149013162 0
