1683858989620 0.449947327375412 0
1683858996186 0.5711274743080139 0
1683859002705 0.6617491841316223 0
1683859009321 0.717597484588623 0
1683859016002 0.748155951499939 0
1683859022652 0.7787144184112549 0
1683859029275 0.8303477168083191 0
1683859035869 0.8514225482940674 0
1683859042425 0.8693361282348633 0
1683859049025 0.8493150472640991 0
1683859055650 0.9041095972061157 0
1683859062201 0.918861985206604 0
1683859068777 0.937829315662384 0
1683859075360 0.9167544841766357 0
1683859081952 0.9420442581176758 0
1683859088570 0.9483667016029358 0
1683859095130 0.9610115885734558 0
1683859101729 0.9641728401184082 0
1683859108325 0.9673340320587158 0
1683859114973 0.9789251685142517 0
1683859121549 0.9662802815437317 0
1683859128311 0.9736564755439758 0
1683859135191 0.9831401705741882 0
1683859142020 0.9852476119995117 0
1683859148767 0.9852476119995117 0
1683859155614 0.9863013625144958 0
1683859162309 0.9894626140594482 0
1683859169042 0.9884088635444641 0
1683859175660 0.9926238059997559 0
1683859182514 0.9915700554847717 0
1683859189076 0.9778714179992676 0
1683859195646 0.9863013625144958 0
1683859202441 0.9905163049697876 0
1683859209077 0.9884088635444641 0
