1683858989620 0.0019128796411678195 0
1683858996186 0.0016924983356148005 0
1683859002705 0.0014761638594791293 0
1683859009321 0.0013431754196062684 0
1683859016002 0.0012412930373102427 0
1683859022652 0.0011387168196961284 0
1683859029275 0.0010425481013953686 0
1683859035869 0.0009907935746014118 0
1683859042425 0.0009304998093284667 0
1683859049025 0.0009739411761984229 0
1683859055650 0.000838708016090095 0
1683859062201 0.0008138047414831817 0
1683859068777 0.0007495355093851686 0
1683859075360 0.0007794497651048005 0
1683859081952 0.0007305752369575202 0
1683859088570 0.0007119337096810341 0
1683859095130 0.0006653554737567902 0
1683859101729 0.0006679365178570151 0
1683859108325 0.0006484960904344916 0
1683859114973 0.0006265687989071012 0
1683859121549 0.000638176454231143 0
1683859128311 0.0006305385613813996 0
1683859135191 0.000601241656113416 0
1683859142020 0.0005853113834746182 0
1683859148767 0.0005917595699429512 0
1683859155614 0.0005863644182682037 0
1683859162309 0.000574874400626868 0
1683859169042 0.0005781452055089176 0
1683859175660 0.0005602356395684183 0
1683859182514 0.0005633251275867224 0
1683859189076 0.0005961536080576479 0
1683859195646 0.0005841286620125175 0
1683859202441 0.000563599169254303 0
1683859209077 0.0005628368817269802 0
